100
3 1 5 15 13 11
3 0 8 23 22 21
1 1 3 18
2 0 3 0 6
1 1 0 19
2 0 10 13 6
3 0 2 3 11 24
3 2 7 20 13 2
2 0 8 21 5
3 3 5 24 23 10
3 0 6 14 14 28
2 0 6 10 15
2 0 8 20 20
1 1 7 3
2 1 1 27 21
1 1 10 22
1 1 10 6
3 0 3 28 6 6
3 3 9 11 23 20
1 0 5 12
2 1 0 23 20
2 2 10 2 26
1 0 7 18
3 0 8 19 23 6
1 0 5 11
1 1 4 16
2 0 3 5 11
1 0 0 28
3 3 5 18 24 10
2 2 10 24 18
3 3 9 18 16 11
2 2 10 10 28
1 0 4 8
2 2 4 8 6
2 0 0 30 30
1 0 0 16
3 0 4 0 20 2
3 0 0 0 0 0
2 0 8 21 20
1 0 0 16
1 0 1 1
1 0 1 27
1 0 4 22
3 0 4 18 26 28
2 2 2 17 21
2 0 9 13 0
3 1 3 5 25 5
2 0 10 15 11
1 0 2 20
2 0 10 9 27
1 0 4 8
1 1 10 20
1 0 1 3
3 1 8 20 24 20
2 0 7 12 29
1 0 6 15
3 1 8 28 20 22
3 3 6 13 2 20
2 0 5 19 16
2 1 5 3 14
2 0 7 17 2
2 1 9 23 24
1 0 5 11
1 0 4 1
1 1 6 16
1 0 1 0
2 1 10 26 26
1 0 10 26
3 0 5 11 1 20
3 0 2 19 20 2
3 0 6 7 23 4
3 0 4 30 28 12
2 1 1 28 0
1 0 0 28
1 0 2 2
3 0 10 14 15 30
3 3 9 11 11 24
1 0 8 27
3 0 10 3 27 26
2 1 4 9 9
3 3 1 20 14 6
1 1 8 28
2 2 10 13 15
1 0 0 28
2 0 5 28 20
1 0 10 10
2 0 10 30 30
2 0 1 19 16
2 0 10 26 27
1 1 10 26
1 0 2 0
2 0 8 1 11
1 1 9 3
1 0 5 11
1 0 2 2
3 1 4 16 1 25
3 1 4 9 9 9
3 0 4 23 22 8
1 0 6 11
3 2 6 18 4 22
